Random niz prije sortiranja: 

-9439.651  
803.989  
2017.175  
4652.893  
5361.272  
-3100.953  
6957.112  
-7349.988  
7284.771  
-4010.884  
-948.124  
-4388.118  
5254.542  
-8589.784  
-5075.979  
-9672.172  
-1459.188  
2925.607  
-2599.012  
-588.511  
-2306.524  
7300.025  
9618.116  
-420.395  
1280.467  
9799.544  
-4108.458  
-8322.946  
6342.118  
8810.045  
3687.762  
-6677.255  
3460.556  
-463.182  
-3182.559  
4133.057  
-9043.522  
-7857.644  
6406.777  
8186.492  
-3036.110  
4698.929  
3250.585  
-1274.696  
2996.732  
-8022.950  
-7173.020  
-3953.173  
-1890.461  
7360.483  
-7445.634  
1119.325  
-1132.401  
7072.988  
9797.189  
4664.157  
7080.348  
-6578.511  
-1322.294  
-5721.873  
4615.013  
-3095.064  
-6073.191  
-9373.098  
2595.802  
-4192.389  
807.716  
-2177.596  
-9092.778  
6290.202  
1572.112  
-7195.874  
-6841.617  
6011.473  
959.136  
3876.358  
2128.435  
-42.102  
-4076.646  
-489.685  
-8798.456  
-1571.839  
-1921.337  
5102.228  
8413.144  
-5986.045  
1270.849  
7585.447  
1467.407  
-3061.967  
-8757.705  
-4373.324  
-5550.758  
-3744.983  
-471.881  
-3406.535  
-57.667  
-1810.025  
9523.819  
-9437.869  
3878.070  
-7715.665  
9090.250  
6342.289  
4678.472  
-8961.785  
-8887.429  
-5173.758  
3119.501  
-617.213  
-8894.423  
-9071.525  
4829.428  
-3414.169  
-741.421  
-3037.460  
-6549.782  
-4911.848  
-6761.169  
7509.671  
-771.840  
-1711.925  
7623.232  
8665.456  
5163.268  
-7564.238  
6003.854  
3007.974  
835.239  
-3431.373  
-7386.410  
-4287.202  
-7362.943  
-1186.350  
-8255.968  
6947.316  
8385.600  
7401.927  
-4721.545  
-8991.160  
-5858.113  
385.333  
-8661.454  
3628.020  
-8438.101  
9314.684  
344.346  
5441.110  
5212.166  
-966.659  
-1287.410  
1841.627  
1022.610  
8259.709  
4969.482  
-2745.953  
-587.581  
-6223.374  
-1770.344  
5329.138  
-387.022  
-5184.822  
-5206.090  
5642.611  
-4674.780  
3614.971  
5044.038  
-7814.212  
-3913.035  
-6837.527  
9863.905  
-731.003  
-6410.820  
-6246.473  
-6508.345  
-3584.521  
7668.303  
6295.695  
8008.756  
-4594.431  
-7184.901  
-7839.397  
3597.335  
9837.995  
2778.784  
6916.009  
-1751.927  
-9592.866  
-1791.576  
8411.830  
776.676  
7552.121  
261.916  
8463.912  
1807.740  
7215.700  
1726.127  
-8226.169  
8810.614  
5157.805  
6430.053  
-4257.417  
3322.624  
-9399.191  
-2403.866  
-9519.486  
1170.821  
940.472  
-3736.847  
-414.596  
-195.806  
5838.617  
2027.427  
-844.882  
774.059  
1220.618  
-9912.740  
5020.809  
-48.860  
1532.791  
-9061.054  
6331.139  
3243.608  
-7928.179  
2060.850  
7387.570  
-8618.852  
2280.402  
-5464.589  
-974.746  
3755.907  
5610.276  
1797.166  
-4146.361  
-1638.067  
1885.897  
-7441.802  
6315.374  
-7449.476  
-5941.005  
-4549.334  
8791.695  
-2380.329  
-7173.699  
-960.613  
8876.948  
9181.572  
9789.789  
-2404.303  
-9535.516  
4802.948  
-7329.243  
-9612.895  
6430.644  
-9411.280  
-5453.847  
-9774.455  
3473.126  
9180.344  
-6842.455  
-4369.702  
54.535  
-6934.104  
6050.192  
-9800.043  
-3578.544  
-850.202  
2631.690  
-7348.949  
-8686.095  
-6794.174  
-4803.300  
-8530.713  
-8750.420  
6137.852  
-2453.703  
-767.421  
5161.816  
-2101.472  
-7962.478  
-6596.629  
-310.268  
-533.078  
3730.721  
-7248.982  
8563.544  
-1538.115  
3759.327  
-8446.739  
3297.575  
9768.707  
-6871.276  
-2660.858  
1798.021  
8982.422  
-7142.085  
-7826.045  
-3487.942  
3521.865  
6709.709  
2350.129  
4389.403  
-6055.584  
8712.177  
-3163.774  
-2803.019  
-3707.911  
-743.809  
949.492  
2621.891  
-4774.538  
-9239.158  
8455.702  
-5882.646  
-2747.313  
6730.605  
2663.324  
-9409.073  
-6463.391  
6485.133  
-4932.710  
5803.709  
2563.818  
1924.586  
-1289.046  
1743.894  
4385.217  
-7599.546  
-7326.897  
-9742.532  
188.491  
9093.843  
3950.158  
-7136.559  
-6361.369  
-8739.765  
-6508.013  
9950.508  
-6276.549  
-6718.238  
4263.040  
7446.562  
2766.815  
3675.064  
-9061.212  
1572.035  
-2176.912  
5034.841  
3210.720  
-9567.451  
-1157.931  
-2649.781  
-2338.519  
4975.901  
2794.494  
6213.110  
6784.933  
-8767.049  
9373.943  
2144.747  
-2035.712  
-9218.520  
-9058.227  
7598.638  
-9915.313  
-2983.344  
7057.491  
4155.183  
944.898  
-8918.759  
-7762.244  
-5994.741  
-5253.908  
3203.229  
-5487.027  
-2972.930  
5673.933  
2708.128  
-8098.768  
-2407.347  
-9046.511  
-6882.379  
4095.137  
-6302.624  
-5255.226  
-2484.113  
7457.814  
5087.889  
2859.997  
3759.387  
-7149.786  
6770.944  
-2478.133  
-874.550  
-2137.420  
9617.569  
1245.616  
-360.474  
-2301.270  
-9265.888  
9415.644  
-9409.487  
-7737.394  
2853.687  
-7759.000  
1638.076  
922.289  
4208.599  
-1487.816  
2435.431  
-9022.489  
8176.341  
-4054.968  
2835.583  
1032.417  
-4551.187  
-4114.267  
-4481.458  
-3723.846  
556.410  
-6235.683  
8271.572  
9099.633  
-714.312  
-9077.796  
-1825.934  
-4472.414  
3861.330  
8302.729  
583.151  
-4379.171  
-1279.827  
-2018.202  
2085.692  
4304.409  
1287.086  
4629.134  
-1523.142  
-1996.878  
9369.516  
5728.856  
6344.973  
2016.638  
-380.439  
6751.400  
-13.109  
3742.273  
9969.446  
5457.074  
4147.667  
-2345.782  
-6971.664  
8124.845  
7472.838  
9373.821  
7135.393  
-261.800  
-8418.860  
8216.302  
-2903.892  
23.228  
-3689.964  
275.043  
7585.865  
-2277.646  
2955.958  
-2594.579  
8786.814  
6600.412  
-5774.323  
1395.865  
-3968.893  
8418.066  
2134.792  
7164.675  
-6944.396  
470.823  
3233.795  
-6003.140  
1930.175  
8280.196  
4311.770  
-363.932  
1803.786  
-2363.153  
1122.257  
-1527.548  
3319.532  
4433.822  
7695.383  
-7881.900  
-4118.130  
-4408.742  
4444.873  
8337.436  
916.308  
-137.748  
-451.914  
-7399.232  
5843.823  
3422.830  
-28.232  
5454.976  
699.350  
-8112.735  
6035.716  
8456.069  
-7844.320  
-2246.753  
-3448.877  
-8415.841  
8171.164  
269.718  
339.842  
5862.155  
-9438.379  
3333.436  
-5664.580  
-3674.725  
2503.909  
6258.637  
8486.187  
2539.255  
-6689.359  
2127.443  
-6674.682  
6540.911  
3772.532  
8916.918  
-2657.767  
1375.485  
1946.948  
-288.003  
8184.277  
7331.009  
-8521.802  
-9948.232  
-5762.852  
-2479.324  
-7632.800  
2819.858  
1277.056  
9640.003  
-2434.874  
4078.004  
-7342.855  
-3473.647  
-2152.283  
6855.096  
-9114.777  
4574.158  
2133.950  
-5857.659  
3469.407  
6109.969  
744.784  
-2791.584  
-3447.221  
9507.241  
5054.752  
836.788  
-3872.291  
9121.541  
8571.181  
-6799.337  
8515.044  
-3947.351  
-8317.133  
-5170.715  
-687.158  
-9709.199  
-4847.947  
8482.618  
-6836.079  
-5019.888  
-4119.401  
9739.695  
-4539.014  
-5667.014  
-7436.746  
6719.222  
-8497.354  
-1844.892  
8547.976  
-3410.709  
8633.145  
-2008.598  
4555.286  
-3613.652  
-7456.811  
2579.100  
4865.653  
6151.843  
-9821.233  
3594.874  
-2834.042  
-6491.752  
8599.386  
6608.736  
8453.106  
-9465.546  
-8353.311  
6708.221  
7224.890  
6163.793  
4428.958  
-6567.877  
-4354.765  
316.245  
-603.493  
-4546.137  
-5547.007  
-410.352  
-2822.465  
1880.310  
8090.490  
-1426.962  
-9636.476  
4082.708  
7860.035  
5708.486  
9077.796  
9652.096  
6873.670  
-1883.861  
-6569.621  
8372.422  
2143.436  
5910.379  
-143.130  
-969.695  
6366.490  
-6726.630  
5858.494  
-4568.778  
4791.408  
915.488  
-9194.887  
167.622  
-8990.927  
2540.446  
-767.543  
5485.307  
-406.441  
6546.177  
-2540.620  
-7979.848  
3225.455  
3430.855  
-5629.522  
8228.062  
-2737.897  
-763.323  
-7146.063  
6006.801  
-4323.732  
5852.341  
9654.020  
1309.151  
8866.778  
108.420  
8292.107  
2472.609  
6051.693  
-4661.881  
-7770.240  
3541.627  
2786.625  
-8560.824  
3591.811  
-4965.827  
-2392.174  
2460.963  
6536.981  
405.187  
-9118.278  
4354.112  
3758.103  
2885.264  
-6350.423  
-241.728  
-386.475  
4423.694  
-5411.973  
1566.900  
4035.822  
-3859.220  
-836.772  
-7503.754  
7633.447  
-2004.909  
6638.431  
3998.997  
-9704.478  
4297.157  
7801.772  
-5398.694  
-6870.529  
-8748.170  
9113.165  
-4894.772  
6705.745  
2887.353  
-2573.841  
6086.866  
7353.396  
-7470.049  
-6477.324  
1733.790  
7644.830  
-1591.461  
2405.585  
-6696.396  
-2772.443  
-5975.081  
-6373.911  
-4651.198  
-4194.681  
-3399.374  
-4120.078  
-1658.673  
1340.484  
212.363  
6688.408  
2443.538  
-6555.859  
4153.740  
187.448  
8910.588  
4439.869  
-8388.175  
3879.542  
-2027.552  
-1268.350  
-1077.221  
8660.974  
5032.158  
4875.975  
1471.653  
-4481.676  
630.110  
4152.681  
8727.175  
6995.513  
3862.483  
-5551.388  
7953.167  
1864.602  
-6194.774  
-1087.272  
3813.991  
7390.597  
8983.252  
-4889.202  
9392.215  
5162.570  
1037.800  
2302.372  
-6937.533  
-6329.612  
-4516.793  
1982.234  
-4783.764  
3638.435  
9807.601  
-26.914  
-991.858  
584.686  
7160.309  
7125.727  
-9905.013  
-6844.444  
2482.067  
77.547  
-8235.302  
-4506.019  
7172.391  
3539.663  
-6096.982  
7230.183  
-1748.258  
-8772.433  
6921.615  
-4358.341  
8464.423  
-6180.315  
5072.046  
-8889.091  
-5118.603  
9222.784  
-2504.210  
-783.514  
-4699.483  
-7057.325  
-88.646  
-9375.028  
4104.944  
4503.225  
-4984.761  
-6591.493  
-7771.216  
-373.821  
5474.322  
1494.534  
-507.718  
7278.871  
-187.002  
7661.477  
1807.189  
-4283.606  
8549.227  
9826.043  
616.178  
-7710.648  
5609.356  
5324.949  
-2581.495  
-1942.150  
8352.446  
-524.176  
2347.338  
-9853.110  
8460.543  
-8090.857  
2502.519  
-7702.099  
5502.162  
6995.014  
3105.761  
-2784.376  
-4847.998  
3145.729  
-7466.421  
3079.157  
4850.723  
9856.969  
-9103.467  
980.431  
-8885.642  
1057.636  
1071.649  
72.984  
-5246.237  
-1329.738  
-9041.845  
2858.379  
-7059.773  
-8758.973  
-3785.043  
4307.184  
-9645.780  
9080.409  
3851.554  
5405.928  
-4420.032  
-437.450  
-1217.610  
4241.003  
-6540.632  
-5936.568  
7817.890  
-4124.988  
9294.529  
-8524.998  
-1446.251  
-3959.433  
6588.992  
2314.403  
4233.287  
3071.120  
6443.487  
2154.524  
9895.988  
7507.887  
3772.834  
-6565.927  
9988.613  
9466.504  
3186.421  
-9337.545  
-6896.439  
-9883.447  
5675.424  
5616.728  
5622.431  
5521.641  
6175.746  
-3665.032  
-7218.984  
8607.245  
-8373.561  
-3457.608  
-6964.743  
-1831.931  
-680.882  
603.618  
9595.940  
2596.178  
6134.698  
3176.495  
1613.231  
-9594.273  
-9310.453  
2449.918  
6730.394  
-350.385  
2463.921  
-8819.858  
6589.344  
-6032.074  
4661.348  
697.074  
-2641.041  
4277.573  
-9151.607  
9634.100  
8470.339  
2007.060  
9350.033  
1342.010  
4481.523  
-7700.168  
3926.630  
-8220.369  
7357.405  
-6245.795  
-5565.705  
-6869.209  
9438.919  
5037.398  
-3028.799  
7479.295  
-9011.198  
8105.721  
-561.808  
-419.413  
-9560.440  
2782.517  
5492.811  
-1899.148  
332.527  
8089.966  
-2448.340  
651.291  
-2574.822  
2000.393  
7796.774  
9527.381  
1557.166  
3167.284  
5067.484  
2269.922  
-5396.195  
5715.701  
5070.013  
3996.745  
-1790.972  
1316.349  
-8487.151  
-3089.063  
6978.108  
1537.062  
-3423.308  
-3526.469  
2423.719  
7860.026  
-9446.409  
3435.574  
-7802.782  
6772.563  
-7459.378  
6256.580  
9000.254  
-7016.150  
-3250.713  
-606.647  
4060.167  
5089.477  
-7707.442  
-474.761  
1165.847  
-5099.738  
-1762.708  
3988.864  
-1000.940  
4171.299  
260.514  
3527.465  
1859.501  
-9388.280  
423.859  
-5083.042  
1870.112  
8825.210  
-2618.781  
-1887.112  
9362.518  
-8774.190  
760.465  
7269.476  
-7619.336  
8993.119  
-9489.158  
-4686.019  
1104.063  
3775.489  
-316.533  
7716.635  
-1519.678  
7119.386  
7413.109  
2678.445  
-5530.104  
6497.575  
-2204.787  
2166.190  
8044.320  
-5671.638  
9902.939  
-8944.059  
-1557.592  
9522.616  
-5635.272  
103.519  
-4822.746  
9864.867  
2723.720  
-7457.712  
-5099.924  
-2070.738  
7226.115  
3815.727  
2465.296  
3250.738  
736.354  
-715.730  
-6595.528  
-883.737  
-847.223  
-4297.084  
5505.022  
3610.556  
1998.196  
-1151.854  
8302.940  
1445.215  
785.601  
1879.733  
-8963.022  
5619.700  
-689.993  
6855.021  
-8024.919  
-3892.807  
5193.214  
-4729.665  
5012.103  
6527.828  
7809.054  
2586.175  
3051.148  
-833.626  
-5857.545  
6399.878  
-8080.861  
-6289.067  
-8813.528  
-1738.499  
-6569.496  
-4266.203  
1157.164  
-4914.336  
-8298.840  
7205.084  
-5892.974  
-2305.850  
2928.244  
-6775.634  
1443.438  
1231.083  
5589.326  
6674.977  
-6590.617  
5024.535  
-4621.878  
-4349.758  
3759.462  
-2074.551  
7182.005  
-2729.566  
5665.032  
9236.792  
-4980.104  
-4096.281  
4308.043  
-4947.123  
97.382  
-6176.037  
-6326.032  
-4839.152  
6999.227  
7982.747  
7729.975  
6613.317  
8527.672  
7842.503  
-524.727  
-3336.793  
-9191.750  
6112.191  
5276.366  
-41.130  
-7976.918  
6746.489  
-3549.293  
-7270.425  
494.942  
2713.979  
5238.032  
-9851.488  
833.621  
-190.642  
-1900.550  
-7857.536  
-9530.580  
2179.240  
-4289.889  
7624.355  
-6863.096  
-9749.390  
6062.108  
-2543.110  
-9264.724  
-7604.419  
4769.993  
-7587.439  
480.069  
-2064.431  
4972.110  
3977.289  
374.099  
982.605  
8146.715  
-6947.959  
-7236.080  
2134.954  
-3287.376  
-5561.226  
-6888.712  
8188.818  
-540.067  
-6545.934  
-902.555  
-1202.615  
-8342.884  
-4904.118  
-6208.709  
-6596.977  
3106.598  
-4104.099  
5850.810  
-8212.034  
-528.323  
3921.889  
9590.392  
-2766.644  
-5126.539  
-6648.385  
-1765.032  
2546.042  
7057.241  
6621.871  
4795.173  
6107.062  
353.540  
9363.150  
-3263.994  
7615.280  
-3790.179  
1162.592  
-7025.225  
-8655.843  
6244.654  
8654.825  
4732.350  
-1500.808  
-1423.113  
-3477.623  
5375.080  
-341.915  
4608.180  
6694.349  
8622.959  
3295.208  
-9511.982  
-3635.930  
-637.052  
-2963.495  
-4833.878  
-8596.492  
-3205.373  
-5439.539  
-4762.068  
3334.216  
-4251.383  
-7044.666  
-4285.354  
-4778.369  
8756.526  
-7137.640  
5400.051  
4691.593  
-1185.583  
-3120.843  
-4267.805  
724.958  
-9229.891  
467.128  
2748.696  
4968.212  
-2122.108  
4001.148  
-6739.698  
8005.054  
-697.505  
4619.385  
-1631.945  
-3634.094  
-5782.518  
-7824.386  
135.240  
-2990.633  
-1368.532  
-5134.068  
526.040  
2591.652  
2188.876  
-3003.707  
5648.625  
3047.080  
3930.217  
3876.843  
2891.170  
-3165.271  
-1639.840  
-3026.475  
-6284.903  
8663.366  
6159.931  
6217.001  
-9329.416  
-411.149  
-2506.107  
5763.429  
-6374.792  
85.177  
98.382  
-5478.806  
7247.330  
7022.397  
-795.769  
-6597.794  
9461.641  
1441.691  
1832.618  
-2474.093  
8895.049  
5599.854  
-5882.777  
3498.692  
-1743.117  
4962.543  
7043.901  
9410.920  
148.165  
-6342.382  
3362.411  
-1661.707  
-8029.525  
356.968  
6412.991  
4903.852  
7405.731  
-4362.749  
-9776.155  
8851.412  
3363.975  
-8423.035  
-526.069  
-399.234  
-6652.965  
-320.648  
7778.655  
-8600.483  
851.739  
-5832.365  
-6755.566  
-44.034  
-262.905  
-5718.872  
-8648.707  
-1668.054  
2405.673  
-8592.209  
-3038.989  
-7605.894  
-8799.814  
4720.828  
9611.572  
-5733.399  
3592.050  
-7556.022  
9246.959  
5997.742  
-2460.508  
-5047.863  
-6855.361  
-4952.361  
-181.460  
621.033  
-958.667  
8223.442  
-2818.964  
5671.670  
4320.978  
-8666.714  
7869.567  
5212.295  
6617.034  
-1900.406  
9320.004  
4262.689  
-2705.390  
3766.914  
-3191.872  
-5247.400  
-3983.871  
6359.017  
7347.578  
7318.160  
1957.568  
1684.479  
3322.178  
-4822.811  
-4769.463  
-3040.470  
-8863.581  
1446.283  
-9321.182  
2311.481  
-8406.264  
969.644  
5456.192  
9445.561  
762.914  
-6938.379  
-8344.289  
-7597.470  
2768.811  
-7478.018  
5748.833  
6603.967  
-755.682  
2864.944  
-2293.877  
-723.322  
4106.285  
-2089.960  
4409.513  
-3132.843  
-3131.088  
5714.925  
4329.379  
3201.626  
-7116.121  
2287.254  
-6572.017  
5916.655  
-5302.699  
1594.799  
-4135.883  
8079.928  
-4860.681  
-6900.011  
7312.053  
-3059.765  
9812.988  
8377.127  
3571.188  
-7609.676  
4324.838  
-5672.490  
-7368.931  
3995.735  
9900.328  
-7910.228  
4469.735  
7337.328  
9953.129  
7949.747  
-398.372  
7934.693  
9728.014  
-4613.774  
-5245.426  
-5837.808  
-8687.123  
5845.967  
-7956.351  
9338.919  
7116.191  
9923.405  
-3377.010  
-2431.636  
-3667.996  
327.474  
-2965.067  
-2076.866  
965.350  
3350.044  
2339.093  
-2785.412  
-9333.268  
6507.473  
592.337  
2856.796  
-1074.893  
-3391.194  
4363.835  
4228.742  
7094.610  
-5288.787  
707.679  
-6541.760  
7281.001  
-7744.758  
5378.839  
-5304.441  
-9710.378  
-3870.457  
-5933.493  
4714.264  
637.438  
-503.282  
7032.144  
-2928.647  
-2942.510  
9918.994  
-2222.141  
7078.265  
-6025.102  
6654.444  
1233.997  
-4521.136  
-2890.683  
4951.527  
-7556.878  
5000.083  
4659.537  
-3248.284  
-7169.172  
-4164.637  
4451.686  
-5582.941  
-2107.858  
-6359.355  
-3016.693  
6931.507  
7485.511  
6767.125  
-5528.676  
6481.899  
-2085.315  
8224.557  
6812.717  
-2593.471  
3592.065  
-7736.582  
6792.495  
-793.782  
-4684.611  
5483.754  
8924.362  
644.894  
-7947.114  
-1976.900  
-1014.800  
-7076.327  
3620.325  
1645.343  
-5394.655  
6494.487  
-7253.334  
-1553.014  
1202.345  
-1713.677  
6763.295  
-3583.239  
-7903.281  
3949.192  
1515.106  
-3770.918  
6823.989  
3177.941  
3079.993  
-2578.627  
7458.064  
5260.088  
6496.554  
-8500.181  
-813.209  
6698.871  
-5061.848  
4537.629  
8431.340  
3094.738  
-2365.311  
2474.426  
-523.209  
-6574.462  
-9668.202  
-1405.081  
-1117.867  
-3552.299  
-1809.618  
4559.538  
5863.645  
6147.736  
7767.747  
3879.233  
-3603.596  
6005.386  
-7915.147  
-128.804  
-1045.557  
286.835  
772.458  
-1098.231  
-9389.098  
4668.382  
5902.259  
-5882.657  
-6354.773  
8198.014  
3347.374  
-5116.401  
4855.329  
-6065.619  
9379.817  
2797.942  
2448.340  
6559.653  
2700.877  
6409.532  
8684.405  
1844.822  
3213.618  
-6324.145  
373.738  
5053.008  
-9415.024  
3704.279  
-6122.058  
3198.377  
8008.224  
-2528.405  
6442.368  
-464.700  
9564.854  
984.072  
-8512.923  
7734.418  
-6801.800  
3735.075  
1909.765  
-2090.675  
-4450.588  
336.837  
-7495.248  
6989.566  
9769.688  
3847.495  
-9722.031  
-8107.262  
2910.908  
-4415.940  
-261.396  
-4469.529  
-4389.841  
8106.470  
9173.904  
-7109.894  
3521.850  
5577.471  
3464.361  
7265.935  
7314.465  
8847.542  
9172.331  
-4829.123  
-3962.765  
-8616.342  
-1562.113  
-7458.496  
-2724.693  
6555.188  
-358.488  
-5443.621  
6750.283  
-3190.243  
4843.994  
6719.656  
-113.742  
916.464  
6689.699  
-4181.018  
8349.783  
-3276.677  
760.141  
5948.712  
-4314.537  
-6229.610  
-6709.417  
6996.536  
7907.169  
2619.516  
-1286.840  
-9176.410  
7268.130  
-4093.778  
-3334.183  
3825.221  
421.462  
-111.266  
3907.114  
3641.531  
5795.949  
-5336.283  
3002.749  
-7506.067  
9250.198  
-3762.197  
-3299.570  
9955.921  
-8068.441  
4288.533  
4585.486  
3923.323  
-245.532  
5717.857  
6910.427  
131.333  
26.191  
5995.875  
9417.406  
-2227.377  
-2513.813  
-2187.966  
-7476.652  
-8397.084  
-611.393  
9695.520  
-1586.741  
-622.624  
7245.739  
6036.116  
388.051  
-2456.749  
-8536.537  
-5668.655  
-9761.035  
-2178.796  
-5661.909  
-4494.778  
-8528.541  
-7360.190  
6747.221  
8788.484  
-1122.752  
-1655.267  
-5644.465  
-6080.295  
-1746.100  
-8313.876  
-9730.260  
321.225  
-6002.774  
7294.798  
2815.150  
-4576.652  
6842.471  
1689.811  
9469.654  
2454.805  
-793.931  
-7182.941  
979.141  
-8212.986  
1380.544  
-6799.435  
3291.689  
-685.815  
8260.883  
9495.152  
-813.849  
-9629.148  
-6668.467  
1561.239  
-3665.987  
8332.967  
4318.900  
139.493  
4021.696  
3318.190  
3215.062  
-6214.839  
6873.774  
8295.559  
-7695.853  
-7071.130  
655.824  
-2565.746  
7373.645  
1762.780  
2598.929  
4665.708  
-531.327  
-2892.061  
6676.147  
-797.187  
7348.009  
7500.794  
2874.497  
9154.554  
4226.497  
5443.760  
-1255.647  
-5606.103  
4439.188  
-8903.129  
-8628.637  
-4518.709  
-1661.617  
-3355.519  
-1595.670  
6715.703  
7035.508  
-2846.914  
7885.755  
-1720.407  
-7474.441  
-4056.684  
8370.025  
4963.812  
3282.586  
331.211  
-6822.480  
7102.908  
590.533  
-2949.079  
-4378.829  
-6879.148  
-3325.525  
-4247.029  
5655.324  
-7518.234  
2123.102  
-6320.684  
2634.990  
2859.715  
7144.080  
4948.394  
-6263.099  
5986.199  
8869.693  
-6159.552  
-6917.982  
-7096.523  
5230.958  
-6944.610  
-7287.527  
1246.426  
4844.168  
-4877.445  
3314.156  
4695.122  
-8095.358  
-2026.334  
-60.524  
7884.907  
-4741.809  
4147.424  
-4026.907  
8830.206  
1621.610  
-2823.885  
7196.698  
-4687.101  
4349.321  
8411.693  
-2952.796  
1705.593  
-8805.993  
2880.808  
-5974.019  
8344.649  
7184.921  
-6284.698  
2705.071  
-3162.625  
2048.284  
1286.693  
-9110.419  
1582.320  
5520.025  
5380.235  
7233.731  
301.104  
8451.827  
-3423.850  
5971.341  
4524.816  
2787.289  
-3537.335  
8409.788  
4747.469  
9285.752  
5387.517  
-5550.224  
-5646.408  
-1702.858  
-8838.367  
-8368.484  
1446.533  
5941.952  
-7539.299  
-5928.782  
-1651.402  
5726.272  
-3372.610  
-859.935  
-5186.333  
-6077.452  
3159.024  
-4148.879  
-7112.522  
5972.560  
1372.513  
-4342.089  
8870.285  
719.844  
-6429.595  
3731.683  
-9018.865  
9454.606  
3488.939  
6772.663  
92.533  
7554.941  
3891.015  
2023.872  
-4701.189  
7933.945  
-3125.974  
-8605.641  
-3898.970  
-2446.897  
5794.531  
-5537.984  
-1364.215  
938.105  
8668.775  
-5385.633  
4644.812  
-2065.972  
-509.896  
3699.061  
-1223.171  
6862.614  
6111.331  
-7705.966  
2332.575  
8795.128  
1172.178  
5070.626  
-291.466  
-6169.909  
-3991.099  
3711.183  
-2435.630  
-3934.047  
6565.283  
-6544.014  
-3866.359  
-9615.463  
5031.192  
-6407.392  
7116.855  
-8788.107  
1266.911  
7064.101  
3240.508  
1098.964  
-5971.477  
9860.672  
-9164.759  
5265.253  
-6408.374  
-3027.181  
-1319.191  
-2825.534  
4577.707  
8422.145  
-6114.949  
9761.864  
-9380.484  
-3750.620  
8708.633  
-2891.113  
958.845  
1327.402  
-8983.185  
2161.327  
3152.106  
7480.341  
-4565.936  
-2486.820  
-4233.839  
9628.113  
-7703.165  
-1670.976  
-9721.114  
-7460.949  
7144.404  
-846.398  
-7644.020  
7261.530  
-5242.863  
-341.970  
-742.459  
-6581.198  
-1353.860  
-1702.133  
2335.005  
7289.529  
9417.737  
7409.032  
1411.034  
-2040.226  
-6419.214  
-1556.631  
1291.990  
6820.500  
-1865.656  
1846.397  
9744.665  
9297.909  
5667.738  
2505.622  
-9024.044  
-8057.773  
-275.363  
8748.506  
8986.218  
2863.829  
827.239  
-9454.977  
1124.055  
8993.880  
9826.216  
870.480  
-6247.671  
-240.067  
7136.612  
-6889.928  
9142.226  
-6494.757  
3939.385  
6937.428  
-4455.793  
-9656.212  
4572.862  
-4724.829  
841.756  
-6868.692  
-1892.142  
5746.326  
4275.817  
6845.947  
-8505.219  
-8548.869  
434.874  
5910.341  
6690.544  
7954.679  
-4962.338  
8850.313  
9817.678  
-3953.497  
2992.499  
173.579  
1677.508  
-6865.935  
-4200.708  
-9534.817  
-4166.135  
57.871  
7567.283  
7434.645  
3003.258  
-5333.303  
-3246.355  
3013.080  
8632.022  
8667.224  
-5814.952  
4586.841  
-5689.537  
-9936.865  
7006.373  
-7932.479  
-6931.449  
-75.474  
-7092.234  
6736.413  
3617.243  
-720.745  
9313.254  
-7335.174  
-755.926  
9593.627  
-1828.808  
-3000.066  
-6658.860  
-1389.378  
8568.827  
-8480.900  
5438.173  
-7760.382  
6600.287  
4593.924  
9132.910  
2742.371  
-5250.623  
-9931.478  
-3544.495  
-6364.224  
1505.537  
7544.833  
1973.251  
-7467.266  
6013.388  
7181.048  
-5663.571  
-5431.793  
-7736.680  
1347.499  
2985.601  
-8891.660  
2662.585  
5347.670  
3385.248  
-8883.680  
1783.418  
-99.765  
-4581.885  
-4150.606  
7666.710  
9191.346  
-3530.784  
1487.265  
266.822  
44.637  
-6752.034  
-1157.110  
-5544.869  
-9880.272  
-5458.593  
-5517.566  
8456.940  
6038.261  
861.082  
-6618.044  
7678.432  
-4050.185  
-3659.404  
-325.817  
-1412.660  
-4711.714  
-6739.552  
9089.468  
7643.089  
9332.655  
221.269  
4370.877  
6229.147  
-8325.715  
1256.095  
3244.059  
-5877.622  
3806.222  
5066.874  
7448.391  
-8758.767  
-2211.766  
-8910.093  
886.642  
-9753.386  
-8695.413  
2239.463  
5126.188  
-8973.695  
2419.885  
-7051.635  
1285.585  
-7824.123  
-48.480  
-4481.179  
8766.111  
-5703.970  
4615.622  
-2183.641  
-6661.363  
-4741.679  
5966.633  
-9015.768  
-228.007  
8548.321  
638.928  
7125.181  
7489.764  
-7622.790  
8512.204  
3791.999  
-8331.766  
-540.097  
5160.592  
4647.846  
-3261.011  
5189.798  
1308.796  
-6198.171  
-5564.552  
5397.285  
3006.771  
5094.839  
4323.387  
-6038.821  
-152.201  
7005.234  
1181.320  
-4750.728  
-7206.953  
-1136.568  
647.333  
-3303.764  
8029.025  
4709.046  
2224.798  
2784.130  
8772.588  
-2606.304  
-2959.845  
-6727.193  
-6948.530  
7427.196  
-3328.275  
-4265.465  
-7773.452  
8584.315  
8919.301  
-4720.805  
2385.385  
5433.861  
-3439.931  
2813.428  
8724.828  
-3278.646  
5937.146  
7259.156  
1653.757  
-7068.885  
3652.848  
6863.912  
-7414.674  
6373.076  
-8310.435  
-9932.524  
-2748.645  
7784.212  
3956.883  
-2653.702  
4859.792  
-5296.036  
564.409  
2039.274  
-7470.564  
3777.613  
-9954.486  
365.434  
-3825.573  
1661.043  
4307.985  
-1323.857  
-8625.746  
7344.898  
6263.390  
9441.452  
-9246.663  
-7514.346  
5887.689  
-3447.731  
8007.501  
-4274.329  
-3108.532  
5227.036  
-7047.023  
-7996.215  
3228.898  
-7856.355  
6836.784  
-1497.399  
2350.337  
-2625.643  
2635.705  
-4851.908  
-9595.736  
-8716.498  
1184.282  
9471.712  
-6479.994  
6754.789  
-9289.426  
3164.735  
8853.519  
9947.085  
4721.705  
799.042  
-745.744  
-8765.472  
-8830.520  
-41.843  
6211.922  
-7931.092  
-5560.329  
-3583.183  
7167.722  
3209.253  
-9053.194  
8026.923  
5325.479  
-4904.405  
8979.634  
6612.244  
2773.775  
-7899.062  
3930.664  
8443.752  
-8968.949  
-1022.553  
-8843.511  
-9237.943  
-2948.612  
-9980.048  
453.888  
-5667.143  
7279.479  
-698.149  
8499.967  
165.941  
-2480.942  
3795.562  
8592.879  
-7702.266  
2179.860  
-9728.331  
-9357.032  
-2068.041  
2893.952  
1577.978  
8602.435  
-8747.495  
3543.074  
8231.705  
7384.926  
-2132.899  
6414.369  
7215.043  
6814.702  
3109.963  
-7497.276  
-8553.586  
-3741.636  
9326.091  
-2096.335  
606.720  
330.349  
4779.419  
7791.577  
-3168.059  
-6573.267  
-28.429  
-346.241  
7240.477  
8830.116  
-4072.506  
-1748.345  
-654.365  
6741.690  
-6601.224  
-3793.667  
5110.713  
-5165.163  
-8045.023  
6156.095  
4736.163  
-5212.092  
3577.854  
3109.880  
2225.334  
-1257.913  
-3357.130  
8920.895  
-8642.661  
743.577  
-6933.077  
4730.689  
2902.618  
-32.447  
3920.750  
-8215.316  
1748.801  
-5115.311  
6949.011  
-3804.075  
6061.491  
519.274  
3210.564  
9034.633  
9686.661  
4561.260  
-554.003  
9546.900  
3708.326  
-7667.137  
7798.997  
-3643.367  
-6592.754  
-4526.414  
-4837.319  
9180.689  
-7176.593  
-5304.151  
-9308.474  
1887.859  
-9292.937  
-6923.312  
-8085.899  
6658.188  
-1149.821  
-6910.760  
-2598.716  
8549.868  
-3377.891  
-2058.954  
-2910.767  
9956.759  
-6009.598  
-4225.538  
-9874.130  
5240.322  
9389.651  
-6102.240  
-5495.812  
7245.582  
-1491.668  
9453.777  
2765.221  
9461.490  
-4604.397  
-7203.742  
3698.039  
-9738.171  
-1752.921  
332.312  
-8766.326  
8963.633  
8810.624  
4702.682  
-1375.600  
7365.799  
-3439.776  
-8090.171  
8519.339  
-5018.577  
6618.055  
7367.070  
-2308.124  
1353.134  
3861.864  
-4169.648  
-1056.084  
4641.482  
4736.842  
-6212.541  
2106.528  
-7897.764  
-7001.819  
-2882.218  
-8923.923  
-4880.793  
5942.536  
1699.042  
4469.448  
9135.017  
-6356.332  
125.623  
-6248.473  
-2877.019  
-4710.471  
-6183.503  
-5417.399  
4169.102  
3925.145  
6528.944  
4652.900  
283.898  
3737.623  
2657.614  
-5583.966  
-1260.384  
2476.677  
1686.703  
5902.572  
8029.138  
5686.084  
-1223.655  
-810.406  
6968.670  
9128.527  
-9297.441  
6121.550  
4517.102  
1118.280  
6233.408  
6522.267  
-1439.319  
7433.270  
-9487.710  
-6592.447  
1212.447  
-1939.960  
-5867.445  
602.272  
-7898.352  
7232.185  
9325.951  
8685.401  
-4320.868  
-3945.130  
-1949.351  
3331.030  
-6259.495  
-9534.942  
9752.900  
-6117.155  
169.611  
-3640.876  
-9810.339  
9394.142  
1330.684  
8426.523  
-3062.208  
-5615.036  
2588.292  
9560.285  
2078.713  
7212.481  
-890.003  
3672.048  
-1964.296  
220.249  
7407.387  
-3678.543  
8654.297  
-7273.451  
-7003.011  
-5223.279  
4354.487  
-4568.500  
9113.283  
1955.208  
7546.798  
7967.203  
1581.861  
7149.932  
-7507.522  
-9915.329  
-4238.448  
-9470.121  
-7598.572  
1365.883  
2890.094  
-1890.910  
5799.701  
-5631.236  
5218.733  
9211.496  
4061.725  
-8242.524  
1996.916  
9415.505  
2490.680  
-760.070  
1669.001  
-1455.608  
8443.712  
3028.919  
9570.715  
5475.545  
1736.989  
-6937.130  
4963.858  
9373.688  
-5071.139  
1366.684  
6423.533  
410.204  
4067.659  
8702.687  
-9607.034  
-7887.270  
-5896.017  
-7943.727  
-5853.234  
2196.209  
7405.574  
520.292  
1454.243  
9058.638  
-1323.838  
-2213.172  
-3089.803  
7081.772  
5067.980  
-4275.495  
3201.361  
5459.059  
-3609.134  
5413.998  
4502.478  
2480.141  
-2940.772  
9533.972  
8746.749  
33.277  
8781.353  
-6865.816  
-8308.803  
1544.048  
-9016.120  
-1397.979  
-3501.749  
650.793  
-5422.493  
-4976.713  
-6019.350  
-2375.808  
-6091.703  
-7842.426  
707.543  
-4129.507  
1602.219  
4893.076  
4845.438  
-8185.116  
1498.848  
5315.260  
2908.447  
-1956.453  
-4016.562  
6418.316  
4518.028  
-8210.026  
-4235.161  
4007.841  
-3176.741  
-1316.857  
2510.031  
1487.770  
-4591.618  
5132.183  
7734.325  
-4005.936  
4315.225  
1804.203  
-5040.442  
-6267.797  
4233.805  
-4641.029  
6390.889  
7395.097  
4965.278  
5936.184  
226.097  
9182.508  
-4062.891  
-6151.935  
199.541  
9212.642  
6851.173  
-9487.892  
5076.247  
1011.096  
9471.245  
5865.763  
2549.853  
3281.863  
-8892.864  
7336.934  
-638.573  
-9690.352  
-9471.495  
-6098.842  
-2555.542  
2112.259  
7842.158  
2838.398  
-5485.401  
-143.616  
1292.435  
6509.378  
6761.025  
2069.597  
5995.055  
1803.454  
1159.540  
2825.944  
-7709.422  
5867.009  
5415.860  
-5647.966  
4704.423  
8303.436  
-5339.215  
-6604.965  
6426.164  
-7757.230  
-4242.772  
3213.563  
-1228.396  
4511.059  
2442.378  
-8803.056  
-9733.105  
8586.629  
-2483.450  
5887.878  
-4205.196  
-6887.604  
-8096.465  
-3421.942  
-7331.080  
-6559.578  
-5354.422  
-6334.172  
7552.474  
-5983.051  
2759.363  
-1390.488  
-4185.852  
-4626.844  
5367.683  
-1420.457  
3214.079  
-8931.054  
-7365.249  
2807.087  
8739.016  
7144.074  
6771.380  
-4853.622  
-3043.607  
9462.971  
9739.560  
-9487.516  
-1567.164  
2796.645  
-9725.784  
-8374.195  
7563.432  
9567.080  
-8546.762  
6889.099  
-1416.155  
5886.574  
9285.141  
-9757.641  
-7411.846  
7856.499  
-7353.017  
-514.567  
1051.086  
2046.982  
5393.492  
827.774  
4654.054  
661.057  
-7428.426  
-5680.757  
140.250  
-5906.142  
4412.713  
-2664.554  
2474.773  
-8570.552  
-5860.986  
1435.578  
4761.586  
2874.926  
-1393.060  
-8319.683  
-5830.143  
7213.477  
-5573.916  
6891.810  
-1451.969  
2065.048  
-3571.437  
4357.340  
-4545.229  
-4924.600  
-9772.048  
-6877.199  
-6988.347  
111.274  
6094.908  
-3708.380  
-9716.678  
-5878.525  
7489.955  
-5360.688  
3816.568  
7530.686  
4332.156  
-8626.619  
6520.582  
3864.871  
8445.684  
1012.800  
5246.418  
-7235.853  
6614.613  
4130.864  
4224.469  
-5378.959  
-4710.523  
4099.702  
2944.571  
-5210.920  
227.479  
-8005.706  
-885.915  
-9361.309  
-5788.515  
-8541.637  
-9994.861  
5694.411  
6481.222  
-3395.965  
8802.951  
1669.470  
8623.392  
-7088.297  
-3507.042  
1420.788  
3405.683  
3616.058  
-5624.741  
3679.511  
-4597.058  
-7791.232  
7470.643  
3869.214  
5252.057  
-4542.149  
-5116.730  
-5594.069  
2985.389  
738.277  
9610.855  
2581.213  
130.844  
-3512.106  
-2656.029  
-5538.559  
-4870.004  
-4752.696  
-8528.112  
9193.650  
-7886.077  
-4988.180  
9813.131  
9690.163  
9189.709  
6518.206  
7514.723  
2871.338  
-871.142  
-8391.607  
-9885.124  
-4522.195  
2712.124  
-9043.074  
939.650  
9920.552  
2973.563  
8218.421  
7804.901  
8719.297  
7199.884  
2045.808  
5420.607  
5786.574  
-7220.542  
-2550.255  
1945.454  
-1852.973  
-7141.374  
3614.025  
-9184.663  
-7361.597  
8251.234  
-3448.595  
2270.210  
8722.801  
-6839.406  
-8121.227  
2929.513  
-9256.261  
-5988.646  
-4489.877  
6317.166  
796.640  
3052.058  
-1789.671  
-7587.071  
6837.381  
1377.417  
-6277.767  
-9892.329  
9735.555  
9632.654  
9574.123  
-7134.090  
7686.159  
-1099.497  
4694.164  
-5050.264  
-3274.583  
-865.227  
8602.926  
-6765.960  
-7946.480  
-2007.361  
-6775.375  
-2056.278  
6449.044  
9031.124  
252.300  
-5430.645  
-733.101  
4971.494  
-5478.407  
-1231.442  
-7656.366  
-901.403  
-3007.584  
6236.107  
-2408.999  
-4149.565  
9707.246  
326.595  
-4859.323  
266.546  
-510.620  
1639.243  
610.111  
-4797.928  
-2836.037  
5825.230  
5391.450  
5077.627  
-5270.816  
-1446.296  
4822.568  
5423.418  
4174.507  
-126.583  
5681.240  
8589.302  
-1462.593  
-5867.314  
6650.516  
-2269.225  
8309.528  
6171.207  
-6764.584  
-6455.849  
-5552.202  
9672.979  
2068.069  
1212.492  
3015.500  
-629.579  
8620.462  
-1362.901  
5872.856  
5215.510  
-2948.996  
-8732.299  
6856.229  
-6315.411  
1243.114  
-6292.301  
3529.538  
9059.219  
2051.117  
3759.174  
861.048  
-4173.704  
7350.714  
-9314.417  
-4926.779  
-7733.615  
8698.361  
6208.402  
3432.821  
-5149.976  
1235.909  
4117.215  
8893.039  
3237.537  
-8066.114  
2361.053  
-2731.106  
6478.657  
5348.826  
102.069  
9021.724  
2434.071  
5777.122  
-8549.101  
7748.107  
-5508.258  
-9980.164  
-2533.647  
3113.070  
2326.688  
5930.017  
8490.368  
-2763.003  
-3246.360  
-1503.959  
-9997.593  
-9559.845  
2647.799  
-2578.448  
-3084.178  
4768.313  
8459.709  
-2005.391  
3601.904  
1867.433  
-3973.996  
-9504.329  
9915.708  
5544.971  
178.615  
2476.078  
7110.964  
8749.833  
4080.771  
-7054.257  
1769.680  
9722.578  
-6731.084  
-2159.245  
735.337  
2711.984  
9055.460  
-7901.319  
-4473.152  
4923.636  
248.041  
5251.335  
-9176.266  
-6739.309  
-8933.217  
4651.844  
-1648.750  
-8063.428  
2691.781  
3284.870  
4857.480  
-4816.211  
6048.862  
-2434.150  
862.697  
8052.699  
4242.428  
-5382.796  
5474.575  
2688.493  
4469.978  
8216.416  
1801.095  
-2505.757  
1303.680  
7943.006  
7356.312  
-7767.611  
-4099.840  
-2991.635  
4342.382  
-6613.438  
-999.565  
-9165.477  
5804.568  
1000.163  
9507.722  
-9345.094  
-4605.795  
727.678  
4981.609  
-5757.821  
-9162.111  
-7020.790  
5562.887  
-674.668  
4199.448  
-5191.750  
-1355.910  
-5659.855  
5634.504  
9587.253  
-1973.394  
-4135.752  
1575.762  
-5464.896  
-1644.036  
2420.003  
-6849.611  
6805.079  
-6697.279  
-9714.550  
6119.189  
-4888.532  
-5742.868  
-1464.367  
-259.506  
5767.531  
-4768.431  
-2256.402  
8700.035  
9527.001  
-784.554  
9602.445  
9611.287  
8765.878  
-8596.823  
3186.792  
-8420.899  
-6689.218  
-4483.516  
-2345.917  
8932.702  
-2385.314  
868.153  
-9106.820  
3472.397  
-7999.654  
-134.903  
8959.717  
3437.653  
-3663.684  
8324.415  
-7905.274  
-3107.534  
-4220.076  
-5723.154  
-294.931  
-1662.792  
5116.171  
-5142.127  
8891.263  
-905.541  
-9259.017  
-4562.544  
-1059.725  
-5620.426  
-2518.171  
315.185  
-2342.049  
-7044.952  
1218.222  
108.415  
-5502.283  
-1119.007  
-2340.836  
-2613.273  
149.269  
9112.347  
2654.115  
9156.839  
-7417.040  
-4443.299  
58.607  
2477.885  
-4497.334  
-4305.072  
9445.158  
-2212.270  
6741.899  
1980.048  
-2155.348  
-6553.189  
-8655.003  
-3031.914  
7222.921  
4556.749  
-3092.745  
8497.924  
-7458.260  
9286.751  
-2795.141  
-2774.545  
4023.045  
-3258.361  
4227.551  
-2569.390  
1629.647  
-8168.919  
8433.974  
-8745.880  
-204.699  
-5349.593  
-7618.334  
6384.168  
6081.494  
-5440.827  
-6159.283  
7701.330  
-1292.163  
2444.401  
-8917.873  
4503.522  
4797.517  
8581.220  
5238.937  
-3329.046  
-6301.256  
-1945.590  
2470.235  
-4505.682  
7887.708  
880.131  
-7884.824  
-2122.199  
-2271.943  
-232.103  
-3893.834  
6241.722  
5756.457  
4888.644  
9617.431  
-9312.083  
1183.321  
-7934.489  
3257.170  
4854.263  
-4057.676  
8479.758  
-6931.427  
-7626.997  
-108.148  
-1715.020  
6186.986  
-3039.154  
-5333.934  
9448.626  
-2792.459  
-4092.941  
3192.802  
-7309.469  
3149.607  
-5910.928  
5040.031  
-6435.971  
3361.451  
3633.403  
-3477.825  
9525.944  
-5209.489  
-7047.029  
-1107.935  
-4732.451  
2751.739  
-1869.837  
-2036.101  
-8370.616  
2658.491  
9478.294  
-5842.960  
6098.577  
9137.460  
-3397.614  
-6779.909  
6188.116  
-4468.790  
-3606.530  
-5210.866  
923.279  
-1001.132  
128.887  
-1546.363  
211.242  
4257.588  
-1785.627  
5147.988  
-2954.371  
2464.407  
-5908.047  
5456.208  
-6701.420  
-9179.824  
2450.999  
-4188.130  
6278.667  
-6815.762  
1118.036  
8594.844  
-9716.189  
2320.614  
-9135.796  
2770.957  
5054.069  
-9646.583  
-7142.445  
-2009.771  
1330.018  
5591.316  
-399.391  
6953.877  
-7351.821  
-8912.140  
-8068.056  
8379.773  
2055.742  
3136.499  
2033.804  
6040.624  
-7397.373  
-3643.780  
376.045  
-1881.361  
-8730.317  
-3894.321  
-6860.020  
-4485.022  
-2582.360  
-1329.208  
-4095.999  
-2228.161  
8892.163  
5002.768  
-763.895  
909.542  
1596.194  
4740.575  
2326.756  
-7249.495  
1641.491  
3833.893  
1908.780  
8196.549  
-6882.886  
-8710.377  
5449.288  
9445.493  
9063.334  
8397.050  
9961.883  
4277.529  
-1584.741  
-2756.200  
-9224.293  
-688.591  
7481.241  
4416.744  
-1788.849  
4524.986  
946.906  
489.070  
4350.343  
354.213  
-5553.571  
6226.712  
-3046.199  
9329.201  
-1581.527  
-7595.557  
3062.933  
475.503  
1264.962  
1703.872  
941.324  
-3396.713  
8756.685  
8372.709  
5746.058  
-7873.379  
6180.448  
4156.618  
-8316.414  
2199.618  
-101.664  
-2527.929  
1392.935  
-7274.308  
5790.380  
-3129.414  
-8087.654  
5190.765  
